%YAML:1.0
---
Corner_0: !!opencv-matrix
   rows: 94
   cols: 2
   dt: i
   data: [ 174, 193, 182, 198, 189, 206, 198, 211, 203, 218, 206, 225,
       209, 232, 206, 240, 208, 248, 204, 252, 196, 248, 192, 251, 189,
       257, 183, 268, 175, 277, 167, 288, 153, 278, 138, 270, 125, 264,
       113, 257, 99, 251, 87, 247, 66, 239, 47, 231, 50, 230, 51, 224,
       54, 222, 56, 208, 60, 200, 62, 195, 66, 192, 66, 186, 69, 177, 75,
       176, 80, 172, 85, 169, 87, 162, 93, 155, 95, 151, 98, 154, 102,
       151, 100, 149, 108, 138, 108, 136, 114, 134, 112, 123, 116, 117,
       113, 113, 115, 105, 120, 100, 114, 93, 105, 88, 106, 85, 109, 81,
       115, 74, 120, 74, 122, 70, 125, 72, 129, 70, 135, 70, 140, 70,
       146, 70, 152, 70, 159, 73, 166, 73, 173, 70, 179, 72, 188, 74,
       194, 68, 203, 71, 202, 79, 203, 85, 203, 90, 202, 94, 202, 99,
       205, 105, 205, 108, 198, 108, 191, 110, 183, 112, 182, 119, 177,
       119, 176, 124, 173, 127, 172, 132, 173, 141, 176, 149, 173, 153,
       180, 160, 183, 167, 177, 172, 184, 178, 182, 188, 176, 190 ]
       
Corner_1: !!opencv-matrix
   rows: 25
   cols: 2
   dt: i
   data: [ 263, 150, 267, 149, 273, 151, 281, 156, 287, 157, 290, 161,
       290, 166, 293, 172, 293, 177, 295, 180, 296, 188, 292, 190, 288,
       186, 284, 183, 283, 186, 280, 188, 277, 185, 271, 185, 262, 185,
       261, 179, 256, 175, 257, 169, 260, 160, 260, 154, 261, 147 ]
Corner_2: !!opencv-matrix
   rows: 181
   cols: 2
   dt: i
   data: [ 429, 389, 420, 390, 413, 386, 408, 382, 400, 383, 392, 382,
       390, 379, 386, 382, 378, 379, 368, 375, 357, 371, 345, 367, 338,
       364, 336, 364, 332, 361, 325, 359, 319, 359, 313, 358, 312, 353,
       307, 349, 298, 345, 287, 343, 278, 339, 271, 331, 265, 328, 261,
       325, 259, 317, 254, 312, 248, 303, 248, 293, 254, 290, 260, 290,
       261, 285, 261, 280, 267, 284, 271, 279, 275, 282, 284, 284, 290,
       282, 292, 276, 297, 276, 306, 280, 313, 273, 319, 275, 323, 265,
       327, 265, 327, 272, 329, 274, 331, 271, 336, 269, 338, 272, 336,
       276, 343, 279, 343, 271, 342, 267, 344, 264, 344, 261, 351, 260,
       354, 253, 355, 245, 357, 228, 344, 225, 338, 214, 338, 209, 342,
       204, 348, 196, 352, 192, 360, 194, 368, 194, 373, 186, 380, 184,
       388, 184, 390, 169, 390, 163, 396, 167, 397, 160, 402, 159, 409,
       162, 413, 162, 414, 167, 410, 172, 416, 173, 421, 173, 425, 173,
       428, 167, 434, 167, 440, 169, 447, 167, 452, 169, 459, 165, 462,
       172, 471, 162, 475, 160, 473, 167, 474, 170, 478, 172, 489, 174,
       496, 172, 501, 166, 500, 162, 506, 165, 513, 167, 518, 170, 521,
       175, 522, 179, 529, 185, 533, 182, 534, 176, 540, 175, 543, 178,
       548, 180, 546, 193, 546, 198, 546, 214, 541, 227, 537, 238, 539,
       257, 537, 275, 537, 290, 529, 302, 529, 314, 534, 326, 540, 337,
       542, 348, 549, 364, 547, 382, 547, 389, 552, 398, 560, 400, 565,
       394, 569, 386, 575, 385, 575, 389, 569, 394, 568, 399, 570, 406,
       570, 412, 575, 409, 581, 406, 581, 415, 580, 423, 579, 425, 570,
       427, 563, 424, 554, 421, 544, 421, 536, 421, 526, 421, 516, 419,
       508, 422, 503, 423, 500, 422, 498, 425, 497, 421, 501, 416, 495,
       412, 487, 415, 460, 406, 435, 392, 431, 389, 418, 390, 406, 383,
       391, 382, 390, 379, 387, 383, 368, 376, 348, 368, 339, 363, 336,
       367, 332, 362, 322, 358, 315, 358, 313, 352, 305, 350, 292, 344,
       276, 337, 269, 331, 264, 326, 260, 326, 260, 319, 254, 313 ]
Corner_3: !!opencv-matrix
   rows: 97
   cols: 2
   dt: i
   data: [ 206, 108, 224, 83, 229, 76, 236, 74, 247, 66, 253, 60, 260,
       55, 265, 52, 274, 47, 281, 40, 289, 34, 294, 31, 298, 24, 305, 21,
       323, 6, 329, 13, 328, 18, 331, 30, 335, 43, 338, 55, 339, 68, 342,
       85, 347, 110, 353, 132, 355, 149, 367, 151, 372, 156, 377, 161,
       381, 167, 384, 168, 389, 165, 389, 179, 387, 185, 371, 188, 367,
       184, 358, 183, 348, 182, 344, 184, 341, 183, 336, 184, 331, 182,
       327, 183, 324, 182, 322, 187, 316, 187, 316, 192, 312, 188, 311,
       183, 306, 182, 307, 170, 306, 160, 303, 157, 301, 160, 290, 160,
       285, 156, 280, 156, 268, 149, 263, 149, 260, 147, 257, 158, 252,
       164, 246, 169, 239, 171, 237, 178, 236, 183, 234, 180, 232, 180,
       229, 186, 220, 189, 216, 188, 218, 183, 214, 180, 214, 173, 219,
       167, 217, 157, 209, 163, 200, 170, 202, 178, 197, 175, 192, 180,
       189, 187, 187, 183, 182, 187, 183, 180, 179, 172, 184, 168, 182,
       163, 174, 153, 174, 146, 172, 134, 172, 128, 174, 126, 177, 119,
       180, 119, 181, 115, 191, 110, 199, 110 ]

Corner_4: !!opencv-matrix
   rows: 127
   cols: 2
   dt: i
   data: [ 167, 289, 173, 282, 178, 272, 184, 266, 189, 261, 190, 255,
       194, 250, 199, 248, 205, 253, 208, 246, 208, 238, 210, 230, 204,
       220, 199, 212, 192, 206, 187, 202, 180, 198, 175, 192, 181, 189,
       185, 183, 189, 185, 193, 183, 195, 176, 200, 181, 202, 176, 199,
       172, 203, 167, 211, 163, 218, 156, 218, 166, 215, 173, 215, 180,
       219, 185, 217, 188, 221, 191, 225, 188, 231, 185, 234, 180, 237,
       183, 236, 176, 245, 172, 250, 166, 256, 160, 258, 154, 260, 147,
       261, 156, 260, 163, 258, 168, 257, 173, 259, 176, 261, 181, 264,
       186, 272, 185, 277, 188, 281, 188, 284, 184, 289, 186, 293, 189,
       296, 182, 294, 176, 292, 169, 290, 162, 297, 160, 304, 160, 307,
       166, 307, 173, 307, 182, 312, 186, 315, 192, 317, 187, 322, 184,
       327, 183, 333, 183, 339, 183, 345, 183, 355, 184, 365, 184, 372,
       189, 365, 192, 360, 193, 354, 193, 348, 195, 344, 200, 341, 205,
       339, 209, 338, 216, 344, 222, 349, 226, 354, 226, 358, 230, 358,
       237, 356, 245, 354, 254, 352, 261, 343, 260, 344, 264, 342, 269,
       344, 276, 336, 277, 339, 274, 335, 267, 331, 270, 329, 275, 326,
       269, 328, 263, 322, 263, 322, 273, 313, 274, 309, 277, 293, 275,
       293, 283, 275, 283, 271, 277, 267, 283, 261, 280, 260, 292, 252,
       291, 248, 293, 248, 302, 255, 314, 242, 311, 221, 305, 227, 303,
       215, 303, 208, 302, 191, 295, 179, 293 ]

nwilayah: 5
