%YAML:1.0
---
Corner_0: !!opencv-matrix
   rows: 72
   cols: 2
   dt: i
   data: [ 302, 193, 303, 202, 312, 206, 322, 208, 333, 214, 332, 230,
       338, 237, 345, 245, 352, 248, 358, 248, 364, 245, 369, 245, 367,
       251, 368, 257, 370, 262, 372, 264, 368, 266, 358, 266, 353, 270,
       349, 276, 346, 286, 338, 288, 331, 295, 326, 303, 328, 308, 333,
       309, 326, 317, 317, 314, 306, 321, 301, 314, 294, 310, 285, 308,
       280, 308, 270, 308, 261, 307, 251, 303, 246, 296, 232, 297, 232,
       293, 238, 288, 239, 282, 243, 282, 243, 278, 240, 272, 235, 273,
       231, 267, 223, 265, 217, 267, 217, 259, 215, 254, 219, 247, 225,
       241, 232, 239, 241, 234, 248, 225, 245, 223, 242, 216, 242, 210,
       240, 207, 240, 201, 242, 197, 244, 201, 248, 201, 248, 196, 251,
       189, 254, 191, 261, 188, 274, 194, 283, 200, 292, 203, 296, 200,
       297, 195 ]
Corner_1: !!opencv-matrix
   rows: 58
   cols: 2
   dt: i
   data: [ 367, 408, 375, 410, 390, 411, 403, 415, 418, 420, 430, 422,
       444, 424, 454, 425, 454, 416, 452, 409, 453, 402, 459, 398, 461,
       390, 460, 382, 458, 372, 453, 366, 459, 358, 466, 356, 474, 359,
       475, 351, 474, 346, 470, 344, 469, 338, 471, 333, 464, 328, 448,
       324, 435, 318, 428, 311, 425, 307, 427, 298, 428, 287, 430, 280,
       430, 273, 424, 269, 418, 269, 416, 269, 413, 274, 412, 277, 406,
       280, 401, 283, 404, 287, 401, 295, 399, 302, 388, 305, 378, 310,
       370, 314, 372, 322, 371, 326, 363, 331, 370, 336, 374, 342, 374,
       352, 373, 366, 371, 373, 368, 379, 368, 389, 369, 399, 370, 404 ]
Corner_2: !!opencv-matrix
   rows: 46
   cols: 2
   dt: i
   data: [ 397, 176, 399, 181, 404, 183, 410, 186, 414, 191, 418, 193,
       419, 201, 421, 208, 420, 218, 426, 225, 429, 228, 427, 232, 431,
       234, 430, 241, 423, 250, 419, 257, 416, 264, 419, 267, 428, 265,
       436, 266, 443, 267, 449, 265, 458, 268, 461, 265, 466, 268, 466,
       260, 466, 251, 470, 240, 472, 227, 469, 218, 469, 210, 466, 204,
       463, 200, 464, 195, 461, 189, 456, 184, 453, 175, 449, 172, 444,
       172, 443, 167, 429, 163, 426, 170, 416, 169, 416, 162, 403, 163,
       403, 170 ]
Corner_3: !!opencv-matrix
   rows: 49
   cols: 2
   dt: i
   data: [ 498, 154, 499, 166, 501, 179, 501, 188, 506, 197, 514, 204,
       519, 204, 527, 203, 529, 209, 534, 214, 542, 214, 551, 211, 552,
       204, 558, 198, 559, 211, 556, 221, 549, 228, 545, 231, 543, 238,
       543, 247, 545, 251, 539, 256, 538, 249, 529, 240, 524, 241, 523,
       233, 507, 233, 504, 224, 493, 220, 493, 213, 488, 211, 477, 206,
       469, 211, 470, 208, 466, 204, 464, 202, 465, 197, 462, 192, 462,
       188, 457, 185, 455, 179, 453, 175, 457, 167, 464, 160, 471, 154,
       477, 152, 480, 162, 487, 162, 491, 154 ]
Corner_4: !!opencv-matrix
   rows: 34
   cols: 2
   dt: i
   data: [ 468, 212, 469, 222, 472, 230, 469, 237, 467, 250, 466, 262,
       466, 268, 471, 273, 476, 278, 486, 282, 493, 285, 495, 292, 504,
       295, 504, 289, 513, 284, 522, 285, 530, 287, 535, 279, 546, 276,
       549, 264, 551, 256, 546, 250, 539, 255, 537, 252, 537, 248, 529,
       240, 523, 241, 523, 234, 506, 233, 504, 225, 494, 221, 491, 212,
       481, 206, 474, 208 ]
Corner_5: !!opencv-matrix
   rows: 61
   cols: 2
   dt: i
   data: [ 268, 344, 262, 360, 269, 361, 280, 367, 287, 370, 294, 371,
       305, 377, 317, 387, 319, 396, 342, 397, 351, 409, 367, 407, 370,
       401, 368, 384, 367, 379, 371, 374, 371, 367, 373, 353, 373, 343,
       373, 338, 364, 332, 370, 325, 372, 319, 368, 315, 380, 311, 393,
       303, 398, 302, 399, 293, 403, 289, 401, 283, 405, 279, 410, 280,
       413, 272, 415, 268, 402, 251, 398, 253, 390, 250, 384, 253, 379,
       246, 369, 245, 367, 255, 369, 260, 372, 264, 367, 267, 357, 269,
       348, 275, 344, 286, 332, 294, 326, 305, 332, 311, 328, 318, 316,
       315, 306, 322, 305, 317, 294, 312, 283, 309, 276, 309, 274, 316,
       275, 324, 277, 331, 275, 339 ]
Corner_6: !!opencv-matrix
   rows: 41
   cols: 2
   dt: i
   data: [ 332, 216, 334, 233, 340, 240, 348, 247, 357, 247, 367, 244,
       379, 246, 385, 253, 392, 251, 398, 254, 402, 251, 410, 260, 413,
       263, 419, 260, 421, 251, 425, 247, 428, 243, 430, 238, 430, 235,
       426, 233, 429, 229, 422, 221, 418, 218, 419, 209, 418, 203, 419,
       194, 410, 189, 408, 186, 403, 185, 396, 178, 391, 181, 379, 178,
       372, 172, 364, 169, 357, 166, 355, 178, 352, 188, 353, 196, 352,
       202, 348, 210, 340, 214 ]
Corner_7: !!opencv-matrix
   rows: 88
   cols: 2
   dt: i
   data: [ 243, 198, 239, 202, 241, 210, 243, 212, 244, 217, 246, 225,
       245, 232, 237, 236, 228, 241, 222, 244, 218, 249, 217, 256, 217,
       265, 225, 266, 230, 267, 234, 272, 241, 273, 242, 279, 242, 283,
       238, 283, 237, 289, 231, 296, 245, 299, 252, 302, 261, 308, 271,
       309, 276, 309, 273, 318, 276, 327, 277, 337, 273, 341, 267, 344,
       265, 354, 263, 360, 253, 358, 244, 357, 235, 356, 222, 356, 218,
       356, 209, 353, 198, 351, 188, 348, 173, 347, 165, 345, 153, 345,
       141, 345, 135, 343, 133, 343, 133, 339, 143, 330, 153, 328, 158,
       322, 169, 320, 171, 314, 169, 309, 173, 303, 169, 283, 165, 283,
       166, 275, 166, 268, 171, 259, 174, 259, 179, 260, 185, 263, 189,
       260, 185, 250, 186, 247, 191, 250, 189, 243, 187, 236, 183, 231,
       183, 227, 180, 221, 177, 213, 173, 205, 172, 202, 178, 186, 183,
       183, 191, 182, 201, 183, 206, 182, 212, 179, 218, 179, 224, 172,
       230, 175, 235, 179, 232, 188, 238, 192 ]
Corner_8: !!opencv-matrix
   rows: 43
   cols: 2
   dt: i
   data: [ 302, 193, 303, 201, 312, 204, 323, 209, 332, 215, 347, 211,
       352, 201, 352, 191, 352, 186, 356, 178, 355, 163, 365, 160, 370,
       151, 369, 143, 365, 141, 365, 131, 370, 120, 370, 112, 371, 103,
       371, 94, 364, 90, 362, 82, 360, 80, 355, 86, 352, 81, 344, 83,
       341, 86, 333, 88, 332, 91, 322, 88, 319, 92, 310, 88, 303, 93,
       299, 99, 298, 112, 290, 125, 289, 132, 294, 145, 295, 162, 302,
       169, 299, 172, 303, 180, 303, 187 ]
Corner_9: !!opencv-matrix
   rows: 29
   cols: 2
   dt: i
   data: [ 246, 195, 253, 189, 259, 188, 265, 188, 275, 193, 286, 200,
       290, 205, 296, 203, 295, 198, 300, 192, 302, 181, 300, 174, 300,
       169, 296, 162, 294, 150, 287, 132, 282, 132, 270, 137, 260, 128,
       255, 139, 259, 153, 249, 150, 243, 147, 245, 153, 237, 156, 237,
       174, 236, 183, 232, 190, 240, 192 ]
Corner_10: !!opencv-matrix
   rows: 55
   cols: 2
   dt: i
   data: [ 371, 94, 371, 113, 367, 124, 364, 140, 368, 146, 368, 154,
       365, 160, 358, 165, 362, 167, 369, 169, 375, 173, 381, 178, 389,
       182, 396, 176, 400, 172, 403, 165, 415, 163, 416, 169, 423, 173,
       428, 165, 438, 165, 442, 166, 443, 172, 448, 173, 453, 175, 458,
       165, 467, 159, 475, 153, 480, 160, 481, 165, 488, 162, 491, 153,
       497, 154, 497, 147, 490, 142, 480, 135, 472, 127, 465, 119, 461,
       110, 465, 102, 459, 97, 452, 98, 449, 93, 440, 94, 432, 94, 426,
       96, 425, 99, 422, 102, 425, 106, 423, 111, 414, 112, 404, 112,
       394, 108, 386, 101, 377, 96 ]
Corner_11: !!opencv-matrix
   rows: 62
   cols: 2
   dt: i
   data: [ 507, 298, 504, 312, 501, 319, 505, 324, 522, 327, 528, 332,
       533, 343, 534, 354, 539, 363, 543, 375, 540, 386, 551, 394, 552,
       399, 539, 399, 529, 399, 527, 408, 522, 409, 518, 402, 508, 398,
       498, 399, 490, 403, 489, 412, 489, 424, 474, 427, 460, 425, 453,
       424, 456, 419, 453, 409, 453, 400, 461, 399, 461, 382, 458, 373,
       455, 368, 457, 361, 463, 357, 468, 356, 472, 359, 477, 358, 473,
       346, 469, 341, 471, 333, 461, 328, 441, 322, 429, 315, 425, 308,
       428, 294, 427, 286, 430, 282, 430, 272, 423, 266, 433, 267, 442,
       267, 452, 266, 457, 268, 460, 266, 466, 269, 472, 273, 477, 279,
       486, 283, 493, 285, 495, 292, 503, 295 ]
